Rk,Season,Lg,Age,Ht,Wt,G,MP,FG,FGA,3P,3PA,FT,FTA,ORB,DRB,TRB,AST,STL,BLK,TOV,PF,PTS,FG%,3P%,FT%,Pace,eFG%,TOV%,ORB%,FT/FGA,ORtg
1,2018-19,NBA,26.3,6-7,218,1230,241.6,41.1,89.2,11.4,32.0,17.7,23.1,10.3,34.8,45.2,24.6,7.6,5.0,14.1,20.9,111.2,.461,.355,.766,100.0,.524,12.4,22.9,.198,110.4
2,2017-18,NBA,26.4,6-7,219,1230,241.4,39.6,86.1,10.5,29.0,16.6,21.7,9.7,33.8,43.5,23.2,7.7,4.8,14.3,19.9,106.3,.460,.362,.767,97.3,.521,13.0,22.3,.193,108.6
3,2016-17,NBA,26.6,6-7,220,1230,241.6,39.0,85.4,9.7,27.0,17.8,23.1,10.1,33.4,43.5,22.6,7.7,4.7,14.0,19.9,105.6,.457,.358,.772,96.4,.514,12.7,23.3,.209,108.8
4,2015-16,NBA,26.7,6-7,221,1230,241.8,38.2,84.6,8.5,24.1,17.7,23.4,10.4,33.3,43.8,22.3,7.8,5.0,14.4,20.3,102.7,.452,.354,.757,95.8,.502,13.2,23.8,.209,106.4
5,2014-15,NBA,26.7,6-7,222,1230,242.0,37.5,83.6,7.8,22.4,17.1,22.8,10.9,32.4,43.3,22.0,7.7,4.8,14.4,20.2,100.0,.449,.350,.750,93.9,.496,13.3,25.1,.205,105.6
6,2013-14,NBA,26.5,6-7,223,1230,242.0,37.7,83.0,7.7,21.5,17.8,23.6,10.9,31.8,42.7,22.0,7.7,4.7,14.6,20.7,101.0,.454,.360,.756,93.9,.501,13.6,25.5,.215,106.6
7,2012-13,NBA,26.7,6-7,223,1229,241.9,37.1,82.0,7.2,20.0,16.7,22.2,11.2,31.0,42.1,22.1,7.8,5.1,14.6,19.8,98.1,.453,.359,.753,92.0,.496,13.7,26.5,.204,105.8
8,2011-12,NBA,26.6,6-7,223,990,241.9,36.5,81.4,6.4,18.4,16.9,22.5,11.4,30.8,42.2,21.0,7.7,5.1,14.6,19.6,96.3,.448,.349,.752,91.3,.487,13.8,27.0,.208,104.6
9,2010-11,NBA,26.6,6-7,223,1230,241.9,37.2,81.2,6.5,18.0,18.6,24.4,10.9,30.5,41.4,21.5,7.3,4.9,14.3,20.7,99.6,.459,.358,.763,92.1,.498,13.4,26.4,.229,107.3
